% 2016 10 04  Get TVR curve

TVR.tvr = [147.5
149.3
150.5
151.5
152.2
152.5
152.9
153
153.1
153.1
153.1
153
152.8
152.5
152
151.3
150.5
149.5
148.6
148
147.3
147
147];

TVR.freq = [1.6
1.7
1.8
1.9
2
2.1
2.2
2.3
2.4
2.5
2.6
2.7
2.8
2.9
3
3.1
3.2
3.3
3.4
3.5
3.6
3.7
3.8];